[
[
{
"id" : 0,
"parent" : -1,
"head_abs" : (0,0,0),
"tail_abs" : (-0.000846596,0.000254748,-0.000950694),
"len" : 0.00129825,
"rot0_abs" : [[-0.644511,0.3992,0.652108],[-0.652108,-0.732291,-0.196225],[0.3992,-0.551714,0.732291]],
"rot_abs" : [[-0.644511,0.3992,0.652108],[-0.652108,-0.732291,-0.196225],[0.3992,-0.551714,0.732291]],
},
{
"id" : 1,
"parent" : 0,
"head_abs" : (-0.000846596,0.000254748,-0.000950694),
"tail_abs" : (-0.000789497,0.00114836,0.00849559),
"len" : 0.00948863,
"rot0_abs" : [[-0.00547517,0.999967,0.00601767],[-0.995537,-0.00601767,0.0941776],[0.0942107,-0.00547517,0.995537]],
"rot_abs" : [[-0.00547517,0.999967,0.00601767],[-0.995537,-0.00601767,0.0941776],[0.0942107,-0.00547517,0.995537]],
},
{
"id" : 2,
"parent" : 1,
"head_abs" : (-0.000789497,0.00114836,0.00849559),
"tail_abs" : (-0.000618486,0.00232008,0.0204101),
"len" : 0.0119732,
"rot0_abs" : [[-0.0129459,0.999814,0.0142828],[-0.995098,-0.0142828,0.0978619],[0.0980477,-0.0129459,0.995098]],
"rot_abs" : [[-0.0129459,0.999814,0.0142828],[-0.995098,-0.0142828,0.0978619],[0.0980477,-0.0129459,0.995098]],
},
{
"id" : 3,
"parent" : 2,
"head_abs" : (-0.000618486,0.00232008,0.0204101),
"tail_abs" : (-0.000372164,0.0037136,0.0343693),
"len" : 0.0140307,
"rot0_abs" : [[-0.0175559,-0.99972,0.0158884],[-0.0993189,0.0175559,0.994901],[-0.994901,0.0158884,-0.0995992]],
"rot_abs" : [[-0.0175559,-0.99972,0.0158884],[-0.0993189,0.0175559,0.994901],[-0.994901,0.0158884,-0.0995992]],
},
{
"id" : 4,
"parent" : 3,
"head_abs" : (-0.000372164,0.0037136,0.0343693),
"tail_abs" : (-8.91298e-05,0.00527261,0.0499496),
"len" : 0.0156607,
"rot0_abs" : [[0.0180729,0.0163523,-0.999703],[0.0995489,0.994869,0.0180729],[0.994869,-0.0998459,0.0163523]],
"rot_abs" : [[0.0180729,0.0163523,-0.999703],[0.0995489,0.994869,0.0180729],[0.994869,-0.0998459,0.0163523]],
},
{
"id" : 5,
"parent" : 4,
"head_abs" : (-8.91298e-05,0.00527261,0.0499496),
"tail_abs" : (0.000192016,0.00694079,0.0667276),
"len" : 0.0168631,
"rot0_abs" : [[-0.0166723,-0.999747,0.0150949],[-0.0989256,0.0166723,0.994955],[-0.994955,0.0150949,-0.0991786]],
"rot_abs" : [[-0.0166723,-0.999747,0.0150949],[-0.0989256,0.0166723,0.994955],[-0.994955,0.0150949,-0.0991786]],
},
{
"id" : 6,
"parent" : 5,
"head_abs" : (0.000192016,0.00694079,0.0667276),
"tail_abs" : (0.000432675,0.00866186,0.0842797),
"len" : 0.0176379,
"rot0_abs" : [[-0.0136444,0.99983,-0.0123709],[-0.0975775,-0.0136444,-0.995134],[-0.995134,-0.0123709,0.0977472]],
"rot_abs" : [[-0.0136444,0.99983,-0.0123709],[-0.0975775,-0.0136444,-0.995134],[-0.995134,-0.0123709,0.0977472]],
},
{
"id" : 7,
"parent" : 6,
"head_abs" : (0.000432675,0.00866186,0.0842797),
"tail_abs" : (0.000594246,0.0103795,0.102182),
"len" : 0.0179856,
"rot0_abs" : [[-0.00898337,0.00816243,0.999926],[-0.0955005,0.995389,-0.00898337],[-0.995389,-0.0955741,-0.00816243]],
"rot_abs" : [[-0.00898337,0.00816243,0.999926],[-0.0955005,0.995389,-0.00898337],[-0.995389,-0.0955741,-0.00816243]],
},
{
"id" : 8,
"parent" : 7,
"head_abs" : (0.000594246,0.0103795,0.102182),
"tail_abs" : (0.00063819,0.0120373,0.120012),
"len" : 0.0179066,
"rot0_abs" : [[-0.00245405,-0.999994,0.00223645],[-0.0925822,0.00245405,0.995702],[-0.995702,0.00223645,-0.0925878]],
"rot_abs" : [[-0.00245405,-0.999994,0.00223645],[-0.0925822,0.00245405,0.995702],[-0.995702,0.00223645,-0.0925878]],
},
{
"id" : 9,
"parent" : 8,
"head_abs" : (0.00063819,0.0120373,0.120012),
"tail_abs" : (0.000525728,0.0135792,0.137345),
"len" : 0.0174021,
"rot0_abs" : [[0.00646255,-0.00591307,0.999962],[-0.0886047,0.996046,0.00646255],[-0.996046,-0.088643,0.00591307]],
"rot_abs" : [[0.00646255,-0.00591307,0.999962],[-0.0886047,0.996046,0.00646255],[-0.996046,-0.088643,0.00591307]],
},
{
"id" : 10,
"parent" : 8,
"head_abs" : (0.00063819,0.0120373,0.120012),
"tail_abs" : (0.000455676,0.00658961,0.131852),
"len" : 0.0130342,
"rot0_abs" : [[-0.0140028,0.999663,-0.0218533],[-0.417957,0.0140028,0.908359],[0.908359,0.0218533,0.41762]],
"rot_abs" : [[-0.0140028,0.999663,-0.0218533],[-0.417957,0.0140028,0.908359],[0.908359,0.0218533,0.41762]],
},
{
"id" : 11,
"parent" : 9,
"head_abs" : (0.000525728,0.0135792,0.137345),
"tail_abs" : (0.000218439,0.0149487,0.153759),
"len" : 0.0164732,
"rot0_abs" : [[0.0186539,-0.0171595,0.999679],[-0.0831352,0.996364,0.0186539],[-0.996364,-0.0834564,0.0171595]],
"rot_abs" : [[0.0186539,-0.0171595,0.999679],[-0.0831352,0.996364,0.0186539],[-0.996364,-0.0834564,0.0171595]],
},
{
"id" : 12,
"parent" : 10,
"head_abs" : (0.000455676,0.00658961,0.131852),
"tail_abs" : (0.000692852,0.000682622,0.143475),
"len" : 0.0130401,
"rot0_abs" : [[-0.0181883,0.0296369,0.999395],[0.452988,0.891331,-0.0181883],[-0.891331,0.452383,-0.0296369]],
"rot_abs" : [[-0.0181883,0.0296369,0.999395],[0.452988,0.891331,-0.0181883],[-0.891331,0.452383,-0.0296369]],
},
{
"id" : 13,
"parent" : 11,
"head_abs" : (0.000218439,0.0149487,0.153759),
"tail_abs" : (-0.000322336,0.0160896,0.168828),
"len" : 0.0151226,
"rot0_abs" : [[0.0357595,0.998811,0.033135],[-0.0754399,0.0357595,-0.996509],[-0.996509,0.033135,0.0766289]],
"rot_abs" : [[0.0357595,0.998811,0.033135],[-0.0754399,0.0357595,-0.996509],[-0.996509,0.033135,0.0766289]],
},
{
"id" : 14,
"parent" : 12,
"head_abs" : (0.000692852,0.000682622,0.143475),
"tail_abs" : (0.000988551,-0.00522038,0.155099),
"len" : 0.0130402,
"rot0_abs" : [[-0.0226759,-0.999061,0.0369306],[0.452676,0.0226759,0.891387],[-0.891387,0.0369306,0.451737]],
"rot_abs" : [[-0.0226759,-0.999061,0.0369306],[0.452676,0.0226759,0.891387],[-0.891387,0.0369306,0.451737]],
},
{
"id" : 15,
"parent" : 13,
"head_abs" : (-0.000322336,0.0160896,0.168828),
"tail_abs" : (-0.0011352,0.0169455,0.182131),
"len" : 0.013355,
"rot0_abs" : [[0.0608658,0.996518,0.0569761],[-0.0640869,0.0608658,-0.996086],[-0.996086,0.0569761,0.0675684]],
"rot_abs" : [[0.0608658,0.996518,0.0569761],[-0.0640869,0.0608658,-0.996086],[-0.996086,0.0569761,0.0675684]],
},
{
"id" : 16,
"parent" : 14,
"head_abs" : (0.000988551,-0.00522038,0.155099),
"tail_abs" : (0.00112715,-0.0108074,0.166879),
"len" : 0.0130387,
"rot0_abs" : [[-0.0106299,0.999802,-0.0168046],[0.428492,-0.0106299,-0.903483],[-0.903483,-0.0168046,-0.428294]],
"rot_abs" : [[-0.0106299,0.999802,-0.0168046],[0.428492,-0.0106299,-0.903483],[-0.903483,-0.0168046,-0.428294]],
},
{
"id" : 17,
"parent" : 14,
"head_abs" : (0.000988551,-0.00522038,0.155099),
"tail_abs" : (-0.00342113,-0.00350635,0.157534),
"len" : 0.00532088,
"rot0_abs" : [[-0.82875,0.480516,-0.286841],[0.322133,0.82875,0.457606],[0.457606,0.286841,-0.841617]],
"rot_abs" : [[-0.82875,0.480516,-0.286841],[0.322133,0.82875,0.457606],[0.457606,0.286841,-0.841617]],
},
{
"id" : 18,
"parent" : 14,
"head_abs" : (0.000988551,-0.00522038,0.155099),
"tail_abs" : (0.00530782,-0.00328981,0.157534),
"len" : 0.00532088,
"rot0_abs" : [[-0.811758,-0.272569,-0.516483],[-0.36283,-0.457606,0.811758],[-0.457606,0.846347,0.272569]],
"rot_abs" : [[-0.811758,-0.272569,-0.516483],[-0.36283,-0.457606,0.811758],[-0.457606,0.846347,0.272569]],
},
{
"id" : 19,
"parent" : 15,
"head_abs" : (-0.0011352,0.0169455,0.182131),
"tail_abs" : (-0.00248196,0.0176488,0.195226),
"len" : 0.0131831,
"rot0_abs" : [[-0.102158,0.096338,0.990092],[0.0533483,-0.993337,0.102158],[0.993337,0.063256,0.096338]],
"rot_abs" : [[-0.102158,0.096338,0.990092],[0.0533483,-0.993337,0.102158],[0.993337,0.063256,0.096338]],
},
{
"id" : 20,
"parent" : 16,
"head_abs" : (0.00112715,-0.0108074,0.166879),
"tail_abs" : (0.000668684,-0.0153403,0.179078),
"len" : 0.0130218,
"rot0_abs" : [[-0.0352076,-0.998099,0.0505942],[-0.348099,-0.0352076,-0.936796],[0.936796,-0.0505942,-0.346198]],
"rot_abs" : [[-0.0352076,-0.998099,0.0505942],[-0.348099,-0.0352076,-0.936796],[0.936796,-0.0505942,-0.346198]],
},
{
"id" : 21,
"parent" : 17,
"head_abs" : (-0.00342113,-0.00350635,0.157534),
"tail_abs" : (-0.00855467,-0.00379074,0.159307),
"len" : 0.00543875,
"rot0_abs" : [[0.943883,0.0599287,0.324798],[0.0522901,0.943883,-0.326115],[-0.326115,0.324798,0.887781]],
"rot_abs" : [[0.943883,0.0599287,0.324798],[0.0522901,0.943883,-0.326115],[-0.326115,0.324798,0.887781]],
},
{
"id" : 22,
"parent" : 18,
"head_abs" : (0.00530782,-0.00328981,0.157534),
"tail_abs" : (0.0104491,-0.0033193,0.159307),
"len" : 0.00543875,
"rot0_abs" : [[0.945315,0.101507,0.309962],[-0.00542359,-0.945315,0.326115],[0.326115,-0.309962,-0.893069]],
"rot_abs" : [[0.945315,0.101507,0.309962],[-0.00542359,-0.945315,0.326115],[0.326115,-0.309962,-0.893069]],
},
{
"id" : 23,
"parent" : 19,
"head_abs" : (-0.00248196,0.0176488,0.195226),
"tail_abs" : (-0.00449734,0.0183547,0.209722),
"len" : 0.0146525,
"rot0_abs" : [[-0.137546,-0.981951,0.129822],[0.048179,-0.137546,-0.989323],[0.989323,-0.129822,0.0662282]],
"rot_abs" : [[-0.137546,-0.981951,0.129822],[0.048179,-0.137546,-0.989323],[0.989323,-0.129822,0.0662282]],
},
{
"id" : 24,
"parent" : 20,
"head_abs" : (0.000668684,-0.0153403,0.179078),
"tail_abs" : (8.03619e-05,-0.0190483,0.191539),
"len" : 0.0130141,
"rot0_abs" : [[0.0452064,0.997142,0.0605311],[0.284923,0.0452064,-0.957484],[-0.957484,0.0605311,-0.282066]],
"rot_abs" : [[0.0452064,0.997142,0.0605311],[0.284923,0.0452064,-0.957484],[-0.957484,0.0605311,-0.282066]],
},
{
"id" : 25,
"parent" : 21,
"head_abs" : (-0.00855467,-0.00379074,0.159307),
"tail_abs" : (-0.00939557,-0.00320349,0.158026),
"len" : 0.00164137,
"rot0_abs" : [[-0.512322,0.80669,0.294581],[0.357786,0.512322,-0.780715],[-0.780715,-0.294581,-0.551095]],
"rot_abs" : [[-0.512322,0.80669,0.294581],[0.357786,0.512322,-0.780715],[-0.780715,-0.294581,-0.551095]],
},
{
"id" : 26,
"parent" : 21,
"head_abs" : (-0.00855467,-0.00379074,0.159307),
"tail_abs" : (-0.008372,-0.00448638,0.160783),
"len" : 0.00164137,
"rot0_abs" : [[0.111289,0.978505,0.173618],[-0.423812,-0.111289,0.898887],[0.898887,-0.173618,0.402317]],
"rot_abs" : [[0.111289,0.978505,0.173618],[-0.423812,-0.111289,0.898887],[0.898887,-0.173618,0.402317]],
},
{
"id" : 27,
"parent" : 21,
"head_abs" : (-0.00855467,-0.00379074,0.159307),
"tail_abs" : (-0.0137132,-0.00476615,0.160769),
"len" : 0.00544955,
"rot0_abs" : [[-0.946599,0.309187,-0.0913977],[-0.178989,-0.268166,0.946599],[0.268166,0.912409,0.309187]],
"rot_abs" : [[-0.946599,0.309187,-0.0913977],[-0.178989,-0.268166,0.946599],[0.268166,0.912409,0.309187]],
},
{
"id" : 28,
"parent" : 22,
"head_abs" : (0.0104491,-0.0033193,0.159307),
"tail_abs" : (0.0103012,-0.00402314,0.160783),
"len" : 0.00164137,
"rot0_abs" : [[-0.0901373,0.985776,-0.14185],[-0.428809,0.0901373,0.898887],[0.898887,0.14185,0.414585]],
"rot_abs" : [[-0.0901373,0.985776,-0.14185],[-0.428809,0.0901373,0.898887],[0.898887,0.14185,0.414585]],
},
{
"id" : 29,
"parent" : 22,
"head_abs" : (0.0104491,-0.0033193,0.159307),
"tail_abs" : (0.0112599,-0.00269107,0.158026),
"len" : 0.00164137,
"rot0_abs" : [[0.493951,0.27889,0.823549],[0.382749,0.780715,-0.493951],[-0.780715,0.5592,0.27889]],
"rot_abs" : [[0.493951,0.27889,0.823549],[0.382749,0.780715,-0.493951],[-0.780715,0.5592,0.27889]],
},
{
"id" : 30,
"parent" : 22,
"head_abs" : (0.0104491,-0.0033193,0.159307),
"tail_abs" : (0.0156497,-0.00403773,0.160769),
"len" : 0.00544955,
"rot0_abs" : [[0.95431,-0.0489984,0.294774],[-0.131832,-0.95431,0.268166],[0.268166,-0.294774,-0.917167]],
"rot_abs" : [[0.95431,-0.0489984,0.294774],[-0.131832,-0.95431,0.268166],[0.268166,-0.294774,-0.917167]],
},
{
"id" : 31,
"parent" : 23,
"head_abs" : (-0.00449734,0.0183547,0.209722),
"tail_abs" : (-0.00702962,0.019041,0.225269),
"len" : 0.0157668,
"rot0_abs" : [[-0.160608,0.151763,0.975281],[0.0435282,-0.986058,0.160608],[0.986058,0.0682472,0.151763]],
"rot_abs" : [[-0.160608,0.151763,0.975281],[0.0435282,-0.986058,0.160608],[0.986058,0.0682472,0.151763]],
},
{
"id" : 32,
"parent" : 23,
"head_abs" : (-0.00449734,0.0183547,0.209722),
"tail_abs" : (-0.0030822,0.0258114,0.219412),
"len" : 0.0123079,
"rot0_abs" : [[-0.114979,0.0563653,0.991768],[-0.605851,0.787225,-0.114979],[-0.787225,-0.614084,-0.0563653]],
"rot_abs" : [[-0.114979,0.0563653,0.991768],[-0.605851,0.787225,-0.114979],[-0.787225,-0.614084,-0.0563653]],
},
{
"id" : 33,
"parent" : 24,
"head_abs" : (8.03619e-05,-0.0190483,0.191539),
"tail_abs" : (-0.000339406,-0.0274615,0.201179),
"len" : 0.0128025,
"rot0_abs" : [[0.032788,-0.0720172,0.996864],[0.657155,0.753042,0.032788],[-0.753042,0.654019,0.0720172]],
"rot_abs" : [[0.032788,-0.0720172,0.996864],[0.657155,0.753042,0.032788],[-0.753042,0.654019,0.0720172]],
},
{
"id" : 34,
"parent" : 24,
"head_abs" : (8.03619e-05,-0.0190483,0.191539),
"tail_abs" : (-0.00551645,-0.0163606,0.194917),
"len" : 0.00706817,
"rot0_abs" : [[-0.791833,0.274177,0.545736],[0.380253,-0.477922,0.791833],[0.477922,0.834516,0.274177]],
"rot_abs" : [[-0.791833,0.274177,0.545736],[0.380253,-0.477922,0.791833],[0.477922,0.834516,0.274177]],
},
{
"id" : 35,
"parent" : 24,
"head_abs" : (8.03619e-05,-0.0190483,0.191539),
"tail_abs" : (0.00604297,-0.0173176,0.194917),
"len" : 0.00706817,
"rot0_abs" : [[0.843585,-0.323867,0.428339],[0.244857,-0.477922,-0.843585],[0.477922,0.816518,-0.323867]],
"rot_abs" : [[0.843585,-0.323867,0.428339],[0.244857,-0.477922,-0.843585],[0.477922,0.816518,-0.323867]],
},
{
"id" : 36,
"parent" : 25,
"head_abs" : (-0.00939557,-0.00320349,0.158026),
"tail_abs" : (-0.0108911,-0.00267829,0.156841),
"len" : 0.00197896,
"rot0_abs" : [[0.755692,-0.548701,0.357571],[-0.265392,-0.755692,-0.598747],[0.598747,0.357571,-0.71669]],
"rot_abs" : [[0.755692,-0.548701,0.357571],[-0.265392,-0.755692,-0.598747],[0.598747,0.357571,-0.71669]],
},
{
"id" : 37,
"parent" : 26,
"head_abs" : (-0.008372,-0.00448638,0.160783),
"tail_abs" : (-0.00877943,-0.00532488,0.162528),
"len" : 0.00197895,
"rot0_abs" : [[-0.205882,-0.315131,-0.926448],[-0.423711,0.882089,-0.205882],[0.882089,0.350159,-0.315131]],
"rot_abs" : [[-0.205882,-0.315131,-0.926448],[-0.423711,0.882089,-0.205882],[0.882089,0.350159,-0.315131]],
},
{
"id" : 38,
"parent" : 27,
"head_abs" : (-0.0137132,-0.00476615,0.160769),
"tail_abs" : (-0.0142746,-0.00437407,0.159913),
"len" : 0.00109584,
"rot0_abs" : [[-0.512324,0.806688,0.294581],[0.357787,0.512324,-0.780713],[-0.780713,-0.294581,-0.551099]],
"rot_abs" : [[-0.512324,0.806688,0.294581],[0.357787,0.512324,-0.780713],[-0.780713,-0.294581,-0.551099]],
},
{
"id" : 39,
"parent" : 27,
"head_abs" : (-0.0137132,-0.00476615,0.160769),
"tail_abs" : (-0.0135913,-0.00523058,0.161754),
"len" : 0.00109585,
"rot0_abs" : [[0.111289,0.173618,-0.978505],[-0.423813,0.898887,0.111289],[0.898887,0.402317,0.173618]],
"rot_abs" : [[0.111289,0.173618,-0.978505],[-0.423813,0.898887,0.111289],[0.898887,0.402317,0.173618]],
},
{
"id" : 40,
"parent" : 27,
"head_abs" : (-0.0137132,-0.00476615,0.160769),
"tail_abs" : (-0.0188442,-0.00607141,0.162066),
"len" : 0.00545109,
"rot0_abs" : [[0.941273,-0.164938,0.29462],[0.239449,0.941273,-0.238054],[-0.238054,0.29462,0.925489]],
"rot_abs" : [[0.941273,-0.164938,0.29462],[0.239449,0.941273,-0.238054],[-0.238054,0.29462,0.925489]],
},
{
"id" : 41,
"parent" : 28,
"head_abs" : (0.0103012,-0.00402314,0.160783),
"tail_abs" : (0.0107497,-0.00484041,0.162528),
"len" : 0.00197895,
"rot0_abs" : [[-0.226639,-0.340561,-0.912498],[0.412981,-0.882089,0.226639],[-0.882089,-0.32548,0.340561]],
"rot_abs" : [[-0.226639,-0.340561,-0.912498],[0.412981,-0.882089,0.226639],[-0.882089,-0.32548,0.340561]],
},
{
"id" : 42,
"parent" : 29,
"head_abs" : (0.0112599,-0.00269107,0.158026),
"tail_abs" : (0.0127275,-0.00209236,0.156841),
"len" : 0.00197896,
"rot0_abs" : [[0.741603,0.577767,-0.340898],[0.302536,-0.741603,-0.598747],[-0.598747,0.340898,-0.724769]],
"rot_abs" : [[0.741603,0.577767,-0.340898],[0.302536,-0.741603,-0.598747],[-0.598747,0.340898,-0.724769]],
},
{
"id" : 43,
"parent" : 30,
"head_abs" : (0.0156497,-0.00403773,0.160769),
"tail_abs" : (0.0155509,-0.00450764,0.161754),
"len" : 0.00109585,
"rot0_abs" : [[0.0901394,-0.985775,-0.141853],[0.428809,-0.0901394,0.898887],[-0.898887,-0.141853,0.414585]],
"rot_abs" : [[0.0901394,-0.985775,-0.141853],[0.428809,-0.0901394,0.898887],[-0.898887,-0.141853,0.414585]],
},
{
"id" : 44,
"parent" : 30,
"head_abs" : (0.0156497,-0.00403773,0.160769),
"tail_abs" : (0.016191,-0.00361829,0.159913),
"len" : 0.00109585,
"rot0_abs" : [[0.493946,-0.823552,0.278889],[0.382747,0.493946,0.780719],[-0.780719,-0.278889,0.559195]],
"rot_abs" : [[0.493946,-0.823552,0.278889],[0.382747,0.493946,0.780719],[-0.780719,-0.278889,0.559195]],
},
{
"id" : 45,
"parent" : 30,
"head_abs" : (0.0156497,-0.00403773,0.160769),
"tail_abs" : (0.0208391,-0.00508696,0.162066),
"len" : 0.00545109,
"rot0_abs" : [[-0.951988,-0.122304,-0.280643],[0.192482,-0.951988,-0.238054],[-0.238054,-0.280643,0.929823]],
"rot_abs" : [[-0.951988,-0.122304,-0.280643],[0.192482,-0.951988,-0.238054],[-0.238054,-0.280643,0.929823]],
},
{
"id" : 46,
"parent" : 31,
"head_abs" : (-0.00702962,0.019041,0.225269),
"tail_abs" : (-0.00992668,0.0196857,0.241517),
"len" : 0.0165164,
"rot0_abs" : [[-0.175405,-0.166067,-0.970389],[0.0390352,0.983722,-0.175405],[0.983722,-0.0686463,-0.166067]],
"rot_abs" : [[-0.175405,-0.166067,-0.970389],[0.0390352,0.983722,-0.175405],[0.983722,-0.0686463,-0.166067]],
},
{
"id" : 47,
"parent" : 32,
"head_abs" : (-0.0030822,0.0258114,0.219412),
"tail_abs" : (-0.00161613,0.0316477,0.230185),
"len" : 0.0123402,
"rot0_abs" : [[0.118804,0.0704174,-0.990418],[0.47295,0.873043,0.118804],[0.873043,-0.482532,0.0704174]],
"rot_abs" : [[0.118804,0.0704174,-0.990418],[0.47295,0.873043,0.118804],[0.873043,-0.482532,0.0704174]],
},
{
"id" : 48,
"parent" : 33,
"head_abs" : (-0.000339406,-0.0274615,0.201179),
"tail_abs" : (-0.00171269,-0.039733,0.205097),
"len" : 0.0129547,
"rot0_abs" : [[-0.106007,0.786903,-0.607903],[-0.947265,0.106007,0.302408],[0.302408,0.607903,0.734169]],
"rot_abs" : [[-0.106007,0.786903,-0.607903],[-0.947265,0.106007,0.302408],[0.302408,0.607903,0.734169]],
},
{
"id" : 49,
"parent" : 34,
"head_abs" : (-0.00551645,-0.0163606,0.194917),
"tail_abs" : (-0.012349,-0.01615,0.197255),
"len" : 0.00722475,
"rot0_abs" : [[-0.945709,-0.297462,-0.130962],[0.0291436,0.323706,-0.945709],[0.323706,-0.898182,-0.297462]],
"rot_abs" : [[-0.945709,-0.297462,-0.130962],[0.0291436,0.323706,-0.945709],[0.323706,-0.898182,-0.297462]],
},
{
"id" : 50,
"parent" : 35,
"head_abs" : (0.00604297,-0.0173176,0.194917),
"tail_abs" : (0.0128171,-0.0182335,0.197255),
"len" : 0.00722475,
"rot0_abs" : [[-0.937626,0.00677829,0.34758],[0.126777,0.937626,0.323706],[-0.323706,0.34758,-0.880002]],
"rot_abs" : [[-0.937626,0.00677829,0.34758],[0.126777,0.937626,0.323706],[-0.323706,0.34758,-0.880002]],
},
{
"id" : 51,
"parent" : 36,
"head_abs" : (-0.0108911,-0.00267829,0.156841),
"tail_abs" : (-0.0130411,-0.00221514,0.155753),
"len" : 0.00245392,
"rot0_abs" : [[-0.876173,0.326894,-0.354205],[0.188735,-0.443509,-0.876173],[-0.443509,-0.83453,0.326894]],
"rot_abs" : [[-0.876173,0.326894,-0.354205],[0.188735,-0.443509,-0.876173],[-0.443509,-0.83453,0.326894]],
},
{
"id" : 52,
"parent" : 37,
"head_abs" : (-0.00877943,-0.00532488,0.162528),
"tail_abs" : (-0.00977696,-0.00630626,0.164544),
"len" : 0.00245392,
"rot0_abs" : [[-0.406504,-0.55648,-0.724627],[-0.399921,0.821473,-0.406504],[0.821473,0.124548,-0.55648]],
"rot_abs" : [[-0.406504,-0.55648,-0.724627],[-0.399921,0.821473,-0.406504],[0.821473,0.124548,-0.55648]],
},
{
"id" : 53,
"parent" : 38,
"head_abs" : (-0.0142746,-0.00437407,0.159913),
"tail_abs" : (-0.0152731,-0.00402343,0.159122),
"len" : 0.00132124,
"rot0_abs" : [[0.75569,0.548702,-0.357572],[-0.265391,0.75569,0.598748],[0.598748,-0.357572,0.716689]],
"rot_abs" : [[0.75569,0.548702,-0.357572],[-0.265391,0.75569,0.598748],[0.598748,-0.357572,0.716689]],
},
{
"id" : 54,
"parent" : 39,
"head_abs" : (-0.0135913,-0.00523058,0.161754),
"tail_abs" : (-0.0138633,-0.0057904,0.162919),
"len" : 0.00132124,
"rot0_abs" : [[0.205881,0.315128,-0.926449],[0.423709,-0.88209,-0.205881],[-0.88209,-0.350158,-0.315128]],
"rot_abs" : [[0.205881,0.315128,-0.926449],[0.423709,-0.88209,-0.205881],[-0.88209,-0.350158,-0.315128]],
},
{
"id" : 55,
"parent" : 40,
"head_abs" : (-0.0188442,-0.00607141,0.162066),
"tail_abs" : (-0.0192326,-0.00580018,0.161474),
"len" : 0.000758081,
"rot0_abs" : [[-0.512323,0.806689,0.294581],[0.357786,0.512323,-0.780714],[-0.780714,-0.294581,-0.551097]],
"rot_abs" : [[-0.512323,0.806689,0.294581],[0.357786,0.512323,-0.780714],[-0.780714,-0.294581,-0.551097]],
},
{
"id" : 56,
"parent" : 40,
"head_abs" : (-0.0188442,-0.00607141,0.162066),
"tail_abs" : (-0.0187598,-0.0063927,0.162748),
"len" : 0.000758082,
"rot0_abs" : [[-0.11129,0.173618,0.978505],[0.423813,0.898887,-0.11129],[-0.898887,0.402317,-0.173618]],
"rot_abs" : [[-0.11129,0.173618,0.978505],[0.423813,0.898887,-0.11129],[-0.898887,0.402317,-0.173618]],
},
{
"id" : 57,
"parent" : 40,
"head_abs" : (-0.0188442,-0.00607141,0.162066),
"tail_abs" : (-0.0239445,-0.00758517,0.163255),
"len" : 0.00545158,
"rot0_abs" : [[0.935578,0.211788,-0.282558],[0.277673,-0.935578,0.218153],[-0.218153,-0.282558,-0.934115]],
"rot_abs" : [[0.935578,0.211788,-0.282558],[0.277673,-0.935578,0.218153],[-0.218153,-0.282558,-0.934115]],
},
{
"id" : 58,
"parent" : 41,
"head_abs" : (0.0107497,-0.00484041,0.162528),
"tail_abs" : (0.0117947,-0.00577111,0.164544),
"len" : 0.00245392,
"rot0_abs" : [[0.425834,0.563551,-0.707867],[-0.379273,0.821473,0.425834],[0.821473,0.0871399,0.563551]],
"rot_abs" : [[0.425834,0.563551,-0.707867],[-0.379273,0.821473,0.425834],[0.821473,0.0871399,0.563551]],
},
{
"id" : 59,
"parent" : 42,
"head_abs" : (0.0127275,-0.00209236,0.156841),
"tail_abs" : (0.0148519,-0.00152318,0.155753),
"len" : 0.00245392,
"rot0_abs" : [[0.865737,-0.311671,-0.391614],[0.231948,-0.443509,0.865737],[-0.443509,-0.840334,-0.311671]],
"rot_abs" : [[0.865737,-0.311671,-0.391614],[0.231948,-0.443509,0.865737],[-0.443509,-0.840334,-0.311671]],
},
{
"id" : 60,
"parent" : 43,
"head_abs" : (0.0155509,-0.00450764,0.161754),
"tail_abs" : (0.0158504,-0.00505328,0.162919),
"len" : 0.00132124,
"rot0_abs" : [[-0.226637,-0.340558,-0.9125],[0.412979,-0.88209,0.226637],[-0.88209,-0.325479,0.340558]],
"rot_abs" : [[-0.226637,-0.340558,-0.9125],[0.412979,-0.88209,0.226637],[-0.88209,-0.325479,0.340558]],
},
{
"id" : 61,
"parent" : 44,
"head_abs" : (0.016191,-0.00361829,0.159913),
"tail_abs" : (0.0171708,-0.00321857,0.159122),
"len" : 0.00132123,
"rot0_abs" : [[-0.741607,-0.577762,-0.340896],[-0.302537,0.741607,-0.598741],[0.598741,-0.340896,-0.724775]],
"rot_abs" : [[-0.741607,-0.577762,-0.340896],[-0.302537,0.741607,-0.598741],[0.598741,-0.340896,-0.724775]],
},
{
"id" : 62,
"parent" : 45,
"head_abs" : (0.0208391,-0.00508696,0.162066),
"tail_abs" : (0.0207707,-0.00541204,0.162748),
"len" : 0.000758082,
"rot0_abs" : [[0.0901393,-0.985775,-0.141853],[0.42881,-0.0901393,0.898887],[-0.898887,-0.141853,0.414585]],
"rot_abs" : [[0.0901393,-0.985775,-0.141853],[0.42881,-0.0901393,0.898887],[-0.898887,-0.141853,0.414585]],
},
{
"id" : 63,
"parent" : 45,
"head_abs" : (0.0208391,-0.00508696,0.162066),
"tail_abs" : (0.0212135,-0.00479681,0.161474),
"len" : 0.000758079,
"rot0_abs" : [[0.49395,0.82355,-0.278889],[0.382749,-0.49395,-0.780715],[-0.780715,0.278889,-0.5592]],
"rot_abs" : [[0.49395,0.82355,-0.278889],[0.382749,-0.49395,-0.780715],[-0.780715,0.278889,-0.5592]],
},
{
"id" : 64,
"parent" : 45,
"head_abs" : (0.0208391,-0.00508696,0.162066),
"tail_abs" : (0.0260082,-0.00634595,0.163255),
"len" : 0.00545157,
"rot0_abs" : [[0.948196,-0.169059,0.268967],[-0.230941,-0.948196,0.218153],[0.218153,-0.268967,-0.938118]],
"rot_abs" : [[0.948196,-0.169059,0.268967],[-0.230941,-0.948196,0.218153],[0.218153,-0.268967,-0.938118]],
},
{
"id" : 65,
"parent" : 46,
"head_abs" : (-0.00992668,0.0196857,0.241517),
"tail_abs" : (-0.0130367,0.0202667,0.258115),
"len" : 0.0168969,
"rot0_abs" : [[-0.184056,-0.174791,-0.967249],[0.0343833,0.982314,-0.184056],[0.982314,-0.067134,-0.174791]],
"rot_abs" : [[-0.184056,-0.174791,-0.967249],[0.0343833,0.982314,-0.184056],[0.982314,-0.067134,-0.174791]],
},
{
"id" : 66,
"parent" : 47,
"head_abs" : (-0.00161613,0.0316477,0.230185),
"tail_abs" : (-0.000143119,0.0368655,0.241273),
"len" : 0.0123426,
"rot0_abs" : [[-0.119344,-0.075357,-0.989989],[-0.422741,-0.898358,0.119344],[-0.898358,0.432752,0.075357]],
"rot_abs" : [[-0.119344,-0.075357,-0.989989],[-0.422741,-0.898358,0.119344],[-0.898358,0.432752,0.075357]],
},
{
"id" : 67,
"parent" : 48,
"head_abs" : (-0.00171269,-0.039733,0.205097),
"tail_abs" : (-0.00267316,-0.0483156,0.207954),
"len" : 0.00909631,
"rot0_abs" : [[-0.105588,0.802606,-0.58709],[-0.94352,0.105588,0.314041],[0.314041,0.58709,0.746126]],
"rot_abs" : [[-0.105588,0.802606,-0.58709],[-0.94352,0.105588,0.314041],[0.314041,0.58709,0.746126]],
},
{
"id" : 68,
"parent" : 49,
"head_abs" : (-0.012349,-0.01615,0.197255),
"tail_abs" : (-0.0133674,-0.0151513,0.195606),
"len" : 0.00218037,
"rot0_abs" : [[0.467089,-0.850369,0.242282],[-0.458065,-0.467089,-0.75631],[0.75631,0.242282,-0.607696]],
"rot_abs" : [[0.467089,-0.850369,0.242282],[-0.458065,-0.467089,-0.75631],[0.75631,0.242282,-0.607696]],
},
{
"id" : 69,
"parent" : 49,
"head_abs" : (-0.012349,-0.01615,0.197255),
"tail_abs" : (-0.0122166,-0.0172138,0.199154),
"len" : 0.00218036,
"rot0_abs" : [[0.0606967,0.10321,-0.992806],[-0.487901,0.870786,0.0606967],[0.870786,0.480707,0.10321]],
"rot_abs" : [[0.0606967,0.10321,-0.992806],[-0.487901,0.870786,0.0606967],[0.870786,0.480707,0.10321]],
},
{
"id" : 70,
"parent" : 49,
"head_abs" : (-0.012349,-0.01615,0.197255),
"tail_abs" : (-0.0193106,-0.0168213,0.199123),
"len" : 0.0072391,
"rot0_abs" : [[-0.961676,-0.0193322,-0.273506],[-0.0927192,0.961676,0.258036],[0.258036,0.273506,-0.926613]],
"rot_abs" : [[-0.961676,-0.0193322,-0.273506],[-0.0927192,0.961676,0.258036],[0.258036,0.273506,-0.926613]],
},
{
"id" : 71,
"parent" : 50,
"head_abs" : (0.0128171,-0.0182335,0.197255),
"tail_abs" : (0.0125116,-0.0192611,0.199154),
"len" : 0.00218036,
"rot0_abs" : [[0.140107,-0.962873,-0.23075],[0.471276,-0.140107,0.870786],[-0.870786,-0.23075,0.434149]],
"rot_abs" : [[0.140107,-0.962873,-0.23075],[0.471276,-0.140107,0.870786],[-0.870786,-0.23075,0.434149]],
},
{
"id" : 72,
"parent" : 50,
"head_abs" : (0.0128171,-0.0182335,0.197255),
"tail_abs" : (0.0139859,-0.0174159,0.195606),
"len" : 0.00218037,
"rot0_abs" : [[-0.536059,-0.791014,-0.294852],[-0.375015,0.536059,-0.75631],[0.75631,-0.294852,-0.584001]],
"rot_abs" : [[-0.536059,-0.791014,-0.294852],[-0.375015,0.536059,-0.75631],[0.75631,-0.294852,-0.584001]],
},
{
"id" : 73,
"parent" : 50,
"head_abs" : (0.0128171,-0.0182335,0.197255),
"tail_abs" : (0.0195736,-0.0200405,0.199123),
"len" : 0.0072391,
"rot0_abs" : [[-0.933335,-0.160876,-0.320944],[0.249606,-0.933335,-0.258036],[-0.258036,-0.320944,0.91127]],
"rot_abs" : [[-0.933335,-0.160876,-0.320944],[0.249606,-0.933335,-0.258036],[-0.258036,-0.320944,0.91127]],
},
{
"id" : 74,
"parent" : 53,
"head_abs" : (-0.0152731,-0.00402343,0.159122),
"tail_abs" : (-0.0167085,-0.00371422,0.158395),
"len" : 0.00163833,
"rot0_abs" : [[0.876174,-0.326892,-0.354203],[-0.188735,0.443506,-0.876174],[0.443506,0.834532,0.326892]],
"rot_abs" : [[0.876174,-0.326892,-0.354203],[-0.188735,0.443506,-0.876174],[0.443506,0.834532,0.326892]],
},
{
"id" : 75,
"parent" : 54,
"head_abs" : (-0.0138633,-0.0057904,0.162919),
"tail_abs" : (-0.0145293,-0.00644561,0.164265),
"len" : 0.00163833,
"rot0_abs" : [[0.406505,0.724625,0.556482],[0.399922,0.406505,-0.821472],[-0.821472,0.556482,-0.124547]],
"rot_abs" : [[0.406505,0.724625,0.556482],[0.399922,0.406505,-0.821472],[-0.821472,0.556482,-0.124547]],
},
{
"id" : 76,
"parent" : 55,
"head_abs" : (-0.0192326,-0.00580018,0.161474),
"tail_abs" : (-0.0199233,-0.00555761,0.160927),
"len" : 0.000914004,
"rot0_abs" : [[-0.755689,0.548704,0.357573],[0.265391,0.755689,-0.59875],[-0.59875,-0.357573,-0.716687]],
"rot_abs" : [[-0.755689,0.548704,0.357573],[0.265391,0.755689,-0.59875],[-0.59875,-0.357573,-0.716687]],
},
{
"id" : 77,
"parent" : 56,
"head_abs" : (-0.0187598,-0.0063927,0.162748),
"tail_abs" : (-0.018948,-0.00677997,0.163554),
"len" : 0.000913997,
"rot0_abs" : [[-0.205882,-0.315131,-0.926448],[-0.423711,0.882089,-0.205882],[0.882089,0.350159,-0.315131]],
"rot_abs" : [[-0.205882,-0.315131,-0.926448],[-0.423711,0.882089,-0.205882],[0.882089,0.350159,-0.315131]],
},
{
"id" : 78,
"parent" : 57,
"head_abs" : (-0.0239445,-0.00758517,0.163255),
"tail_abs" : (-0.0242311,-0.00738507,0.162819),
"len" : 0.000559284,
"rot0_abs" : [[-0.512307,-0.8067,-0.294579],[0.357777,-0.512307,0.780728],[-0.780728,0.294579,0.551077]],
"rot_abs" : [[-0.512307,-0.8067,-0.294579],[0.357777,-0.512307,0.780728],[-0.780728,0.294579,0.551077]],
},
{
"id" : 79,
"parent" : 57,
"head_abs" : (-0.0239445,-0.00758517,0.163255),
"tail_abs" : (-0.0238823,-0.00782219,0.163758),
"len" : 0.000559257,
"rot0_abs" : [[0.111294,-0.978502,-0.173628],[-0.423823,0.111294,-0.898881],[0.898881,0.173628,-0.402326]],
"rot_abs" : [[0.111294,-0.978502,-0.173628],[-0.423823,0.111294,-0.898881],[0.898881,0.173628,-0.402326]],
},
{
"id" : 80,
"parent" : 57,
"head_abs" : (-0.0239445,-0.00758517,0.163255),
"tail_abs" : (-0.0290184,-0.00923902,0.16437),
"len" : 0.00545169,
"rot0_abs" : [[0.930697,0.243403,-0.273054],[0.303366,-0.930697,0.204383],[-0.204383,-0.273054,-0.940037]],
"rot_abs" : [[0.930697,0.243403,-0.273054],[0.303366,-0.930697,0.204383],[-0.204383,-0.273054,-0.940037]],
},
{
"id" : 81,
"parent" : 60,
"head_abs" : (0.0158504,-0.00505328,0.162919),
"tail_abs" : (0.016548,-0.00567466,0.164265),
"len" : 0.00163833,
"rot0_abs" : [[0.425836,0.707864,0.563553],[-0.379274,-0.425836,0.821471],[0.821471,-0.563553,0.0871379]],
"rot_abs" : [[0.425836,0.707864,0.563553],[-0.379274,-0.425836,0.821471],[0.821471,-0.563553,0.0871379]],
},
{
"id" : 82,
"parent" : 61,
"head_abs" : (0.0171708,-0.00321857,0.159122),
"tail_abs" : (0.0185892,-0.00283856,0.158395),
"len" : 0.00163834,
"rot0_abs" : [[-0.865735,0.391616,0.311673],[-0.231947,-0.865735,0.443513],[0.443513,0.311673,0.840331]],
"rot_abs" : [[-0.865735,0.391616,0.311673],[-0.231947,-0.865735,0.443513],[0.443513,0.311673,0.840331]],
},
{
"id" : 83,
"parent" : 62,
"head_abs" : (0.0207707,-0.00541204,0.162748),
"tail_abs" : (0.0209779,-0.0057895,0.163554),
"len" : 0.000913997,
"rot0_abs" : [[-0.226638,-0.34056,-0.912499],[0.412981,-0.882089,0.226638],[-0.882089,-0.32548,0.34056]],
"rot_abs" : [[-0.226638,-0.34056,-0.912499],[0.412981,-0.882089,0.226638],[-0.882089,-0.32548,0.34056]],
},
{
"id" : 84,
"parent" : 63,
"head_abs" : (0.0212135,-0.00479681,0.161474),
"tail_abs" : (0.0218914,-0.00452029,0.160927),
"len" : 0.000914003,
"rot0_abs" : [[-0.741599,-0.340899,0.57777],[-0.302536,-0.598751,-0.741599],[0.598751,-0.724766,0.340899]],
"rot_abs" : [[-0.741599,-0.340899,0.57777],[-0.302536,-0.598751,-0.741599],[0.598751,-0.724766,0.340899]],
},
{
"id" : 85,
"parent" : 64,
"head_abs" : (0.0260082,-0.00634595,0.163255),
"tail_abs" : (0.0259578,-0.00658578,0.163758),
"len" : 0.000559257,
"rot0_abs" : [[0.0901386,-0.985775,-0.141854],[0.42882,-0.0901386,0.898882],[-0.898882,-0.141854,0.414595]],
"rot_abs" : [[0.0901386,-0.985775,-0.141854],[0.42882,-0.0901386,0.898882],[-0.898882,-0.141854,0.414595]],
},
{
"id" : 86,
"parent" : 64,
"head_abs" : (0.0260082,-0.00634595,0.163255),
"tail_abs" : (0.0262845,-0.00613189,0.162819),
"len" : 0.000559285,
"rot0_abs" : [[-0.493939,-0.823556,-0.278889],[-0.38274,0.493939,-0.780727],[0.780727,-0.278889,-0.559184]],
"rot_abs" : [[-0.493939,-0.823556,-0.278889],[-0.38274,0.493939,-0.780727],[0.780727,-0.278889,-0.559184]],
},
{
"id" : 87,
"parent" : 64,
"head_abs" : (0.0260082,-0.00634595,0.163255),
"tail_abs" : (0.0311579,-0.00774619,0.16437),
"len" : 0.00545169,
"rot0_abs" : [[0.944594,-0.200635,0.259783],[-0.256845,-0.944594,0.204383],[0.204383,-0.259783,-0.94379]],
"rot_abs" : [[0.944594,-0.200635,0.259783],[-0.256845,-0.944594,0.204383],[0.204383,-0.259783,-0.94379]],
},
{
"id" : 88,
"parent" : 65,
"head_abs" : (-0.0130367,0.0202667,0.258115),
"tail_abs" : (-0.0162076,0.0207618,0.274713),
"len" : 0.0169059,
"rot0_abs" : [[-0.187567,0.96582,-0.178916],[0.0292862,0.187567,0.981815],[0.981815,0.178916,-0.0634664]],
"rot_abs" : [[-0.187567,0.96582,-0.178916],[0.0292862,0.187567,0.981815],[0.981815,0.178916,-0.0634664]],
},
{
"id" : 89,
"parent" : 66,
"head_abs" : (-0.000143119,0.0368655,0.241273),
"tail_abs" : (0.00133022,0.0416652,0.25255),
"len" : 0.0123438,
"rot0_abs" : [[-0.119359,-0.989742,0.0785108],[-0.388841,0.119359,0.91354],[-0.91354,0.0785108,-0.399099]],
"rot_abs" : [[-0.119359,-0.989742,0.0785108],[-0.388841,0.119359,0.91354],[-0.91354,0.0785108,-0.399099]],
},
{
"id" : 90,
"parent" : 67,
"head_abs" : (-0.00267316,-0.0483156,0.207954),
"tail_abs" : (-0.00362857,-0.056853,0.210944),
"len" : 0.00909646,
"rot0_abs" : [[0.105031,-0.820499,-0.561916],[0.938543,-0.105031,0.328793],[-0.328793,-0.561916,0.759042]],
"rot_abs" : [[0.105031,-0.820499,-0.561916],[0.938543,-0.105031,0.328793],[-0.328793,-0.561916,0.759042]],
},
{
"id" : 91,
"parent" : 68,
"head_abs" : (-0.0133674,-0.0151513,0.195606),
"tail_abs" : (-0.0152598,-0.0141491,0.194081),
"len" : 0.00262881,
"rot0_abs" : [[-0.71988,-0.3023,0.624811],[0.38124,0.580025,0.71988],[-0.580025,0.75643,-0.3023]],
"rot_abs" : [[-0.71988,-0.3023,0.624811],[0.38124,0.580025,0.71988],[-0.580025,0.75643,-0.3023]],
},
{
"id" : 92,
"parent" : 69,
"head_abs" : (-0.0122166,-0.0172138,0.199154),
"tail_abs" : (-0.0128858,-0.0184041,0.2014),
"len" : 0.00262882,
"rot0_abs" : [[-0.254551,0.397495,0.88159],[-0.452778,-0.854515,0.254551],[0.854515,-0.334368,0.397495]],
"rot_abs" : [[-0.254551,0.397495,0.88159],[-0.452778,-0.854515,0.254551],[0.854515,-0.334368,0.397495]],
},
{
"id" : 93,
"parent" : 70,
"head_abs" : (-0.0193106,-0.0168213,0.199123),
"tail_abs" : (-0.0199906,-0.0161544,0.198022),
"len" : 0.0014557,
"rot0_abs" : [[-0.46709,0.242282,-0.850368],[0.458066,-0.756309,-0.46709],[-0.756309,-0.607698,0.242282]],
"rot_abs" : [[-0.46709,0.242282,-0.850368],[0.458066,-0.756309,-0.46709],[-0.756309,-0.607698,0.242282]],
},
{
"id" : 94,
"parent" : 70,
"head_abs" : (-0.0193106,-0.0168213,0.199123),
"tail_abs" : (-0.0192223,-0.0175315,0.200391),
"len" : 0.00145571,
"rot0_abs" : [[-0.0606978,0.992806,-0.103212],[0.4879,-0.0606978,-0.870787],[-0.870787,-0.103212,-0.480705]],
"rot_abs" : [[-0.0606978,0.992806,-0.103212],[0.4879,-0.0606978,-0.870787],[-0.870787,-0.103212,-0.480705]],
},
{
"id" : 95,
"parent" : 70,
"head_abs" : (-0.0193106,-0.0168213,0.199123),
"tail_abs" : (-0.0262817,-0.0179178,0.200747),
"len" : 0.00724114,
"rot0_abs" : [[-0.962698,-0.254392,0.0921774],[-0.151431,0.224233,-0.962698],[0.224233,-0.940747,-0.254392]],
"rot_abs" : [[-0.962698,-0.254392,0.0921774],[-0.151431,0.224233,-0.962698],[0.224233,-0.940747,-0.254392]],
},
{
"id" : 96,
"parent" : 71,
"head_abs" : (0.0125116,-0.0192611,0.199154),
"tail_abs" : (0.0129759,-0.0205452,0.2014),
"len" : 0.00262882,
"rot0_abs" : [[0.176626,0.295058,-0.939012],[-0.488475,0.854515,0.176626],[0.854515,0.427487,0.295058]],
"rot_abs" : [[0.176626,0.295058,-0.939012],[-0.488475,0.854515,0.176626],[0.854515,0.427487,0.295058]],
},
{
"id" : 97,
"parent" : 72,
"head_abs" : (0.0139859,-0.0174159,0.195606),
"tail_abs" : (0.0160174,-0.0167385,0.194081),
"len" : 0.00262881,
"rot0_abs" : [[-0.772774,0.356397,-0.525168],[-0.257664,0.580025,0.772774],[0.580025,0.732497,-0.356397]],
"rot_abs" : [[-0.772774,0.356397,-0.525168],[-0.257664,0.580025,0.772774],[0.580025,0.732497,-0.356397]],
},
{
"id" : 98,
"parent" : 73,
"head_abs" : (0.0195736,-0.0200405,0.199123),
"tail_abs" : (0.0193696,-0.0207265,0.200391),
"len" : 0.00145571,
"rot0_abs" : [[0.140105,0.230747,-0.962874],[0.471275,-0.870787,-0.140105],[-0.870787,-0.434149,-0.230747]],
"rot_abs" : [[0.140105,0.230747,-0.962874],[0.471275,-0.870787,-0.140105],[-0.870787,-0.434149,-0.230747]],
},
{
"id" : 99,
"parent" : 73,
"head_abs" : (0.0195736,-0.0200405,0.199123),
"tail_abs" : (0.0203539,-0.0194945,0.198022),
"len" : 0.0014557,
"rot0_abs" : [[-0.536061,0.791012,0.294853],[-0.375015,-0.536061,0.756308],[0.756308,0.294853,0.584003]],
"rot_abs" : [[-0.536061,0.791012,0.294853],[-0.375015,-0.536061,0.756308],[0.756308,0.294853,0.584003]],
},
{
"id" : 100,
"parent" : 73,
"head_abs" : (0.0195736,-0.0200405,0.199123),
"tail_abs" : (0.0262694,-0.0222685,0.200747),
"len" : 0.00724114,
"rot0_abs" : [[-0.924688,-0.23506,-0.299497],[0.307686,-0.924688,-0.224233],[-0.224233,-0.299497,0.927373]],
"rot_abs" : [[-0.924688,-0.23506,-0.299497],[0.307686,-0.924688,-0.224233],[-0.224233,-0.299497,0.927373]],
},
{
"id" : 101,
"parent" : 76,
"head_abs" : (-0.0199233,-0.00555761,0.160927),
"tail_abs" : (-0.0209163,-0.00534371,0.160424),
"len" : 0.00113336,
"rot0_abs" : [[0.876177,-0.326889,-0.3542],[-0.188736,0.4435,-0.876177],[0.4435,0.834536,0.326889]],
"rot_abs" : [[0.876177,-0.326889,-0.3542],[-0.188736,0.4435,-0.876177],[0.4435,0.834536,0.326889]],
},
{
"id" : 102,
"parent" : 77,
"head_abs" : (-0.018948,-0.00677997,0.163554),
"tail_abs" : (-0.0194087,-0.00723322,0.164485),
"len" : 0.00113336,
"rot0_abs" : [[0.406505,0.724624,0.556482],[0.399923,0.406505,-0.821471],[-0.821471,0.556482,-0.124547]],
"rot_abs" : [[0.406505,0.724624,0.556482],[0.399923,0.406505,-0.821471],[-0.821471,0.556482,-0.124547]],
},
{
"id" : 103,
"parent" : 78,
"head_abs" : (-0.0242311,-0.00738507,0.162819),
"tail_abs" : (-0.0247406,-0.00720611,0.162415),
"len" : 0.000674298,
"rot0_abs" : [[0.755693,-0.35757,-0.5487],[-0.265393,0.598745,-0.755693],[0.598745,0.716693,0.35757]],
"rot_abs" : [[0.755693,-0.35757,-0.5487],[-0.265393,0.598745,-0.755693],[0.598745,0.716693,0.35757]],
},
{
"id" : 104,
"parent" : 79,
"head_abs" : (-0.0238823,-0.00782219,0.163758),
"tail_abs" : (-0.0240211,-0.0081079,0.164353),
"len" : 0.000674301,
"rot0_abs" : [[-0.20588,-0.315126,-0.92645],[-0.423709,0.882091,-0.20588],[0.882091,0.350159,-0.315126]],
"rot_abs" : [[-0.20588,-0.315126,-0.92645],[-0.423709,0.882091,-0.20588],[0.882091,0.350159,-0.315126]],
},
{
"id" : 105,
"parent" : 80,
"head_abs" : (-0.0290184,-0.00923902,0.16437),
"tail_abs" : (-0.0292444,-0.00908118,0.164025),
"len" : 0.000441181,
"rot0_abs" : [[0.806697,-0.294579,0.512312],[0.512312,0.780723,-0.357783],[-0.294579,0.551086,0.780723]],
"rot_abs" : [[0.806697,-0.294579,0.512312],[0.512312,0.780723,-0.357783],[-0.294579,0.551086,0.780723]],
},
{
"id" : 106,
"parent" : 80,
"head_abs" : (-0.0290184,-0.00923902,0.16437),
"tail_abs" : (-0.0289693,-0.009426,0.164766),
"len" : 0.000441174,
"rot0_abs" : [[0.978503,-0.173624,-0.111292],[-0.111292,-0.898885,0.423817],[-0.173624,-0.40232,-0.898885]],
"rot_abs" : [[0.978503,-0.173624,-0.111292],[-0.111292,-0.898885,0.423817],[-0.173624,-0.40232,-0.898885]],
},
{
"id" : 107,
"parent" : 80,
"head_abs" : (-0.0290184,-0.00923902,0.16437),
"tail_abs" : (-0.0340705,-0.0109927,0.165429),
"len" : 0.0054518,
"rot0_abs" : [[0.926687,0.265543,0.265964],[0.321664,-0.194378,-0.926687],[-0.194378,0.944301,-0.265543]],
"rot_abs" : [[0.926687,0.265543,0.265964],[0.321664,-0.194378,-0.926687],[-0.194378,0.944301,-0.265543]],
},
{
"id" : 108,
"parent" : 83,
"head_abs" : (0.0209779,-0.0057895,0.163554),
